0.00000 0.44214 0.60480 0.60371 0.30677 0.63974 0.63537 0.49345 0.55459
0.44214 0.00000 0.50109 0.47162 0.28493 0.57751 0.57424 0.46507 0.31114
0.60480 0.50109 0.00000 0.48690 0.55786 0.30349 0.29913 0.61245 0.31550
0.60371 0.47162 0.48690 0.00000 0.56550 0.57533 0.54913 0.62227 0.32969
0.30677 0.28493 0.55786 0.56550 0.00000 0.59825 0.60153 0.33297 0.45633
0.63974 0.57751 0.30349 0.57533 0.59825 0.00000 0.45633 0.64301 0.47271
0.63537 0.57424 0.29913 0.54913 0.60153 0.45633 0.00000 0.63646 0.46397
0.49345 0.46507 0.61245 0.62227 0.33297 0.64301 0.63646 0.00000 0.55131
0.55459 0.31114 0.31550 0.32969 0.45633 0.47271 0.46397 0.55131 0.00000
